Loading data from files: data/1condition/gaze.mat
Loading data from files: data/1condition/bodyJoints.mat
Joint names:
Loading data from files: data/1condition/foothold.mat
Loading data from files: data/1condition/subjInfo.mat
('Shape of IV matrix: ', (91469, 174))
Regression result for 1st dimension
                            OLS Regression Results                            
==============================================================================
Dep. Variable:                      y   R-squared:                       0.752
Model:                            OLS   Adj. R-squared:                  0.752
Method:                 Least Squares   F-statistic:                     1650.
Date:                Wed, 17 Apr 2019   Prob (F-statistic):               0.00
Time:                        09:31:36   Log-Likelihood:             1.0139e+05
No. Observations:               91469   AIC:                        -2.024e+05
Df Residuals:                   91300   BIC:                        -2.008e+05
Df Model:                         168                                         
Covariance Type:            nonrobust                                         
======================================================================================
                         coef    std err          t      P>|t|      [0.025      0.975]
--------------------------------------------------------------------------------------
constant              -0.6377      0.129     -4.955      0.000      -0.890      -0.385
Body.x                -0.0129      0.000    -50.196      0.000      -0.013      -0.012
Body.y                 0.0455      0.000    105.729      0.000       0.045       0.046
Body.z                 0.0062      0.000     31.263      0.000       0.006       0.007
Hips.x                -0.0305      0.088     -0.348      0.728      -0.202       0.141
Hips.y                 0.0717      0.168      0.427      0.670      -0.258       0.401
Hips.z                 0.1795      0.091      1.975      0.048       0.001       0.358
LeftThigh.x            0.0362      0.019      1.865      0.062      -0.002       0.074
LeftThigh.y            0.0320      0.037      0.860      0.390      -0.041       0.105
LeftThigh.z           -0.0422      0.020     -2.093      0.036      -0.082      -0.003
LeftLeg.x              0.0017    3.7e-05     44.942      0.000       0.002       0.002
LeftLeg.y             -0.0063   6.18e-05   -101.210      0.000      -0.006      -0.006
LeftLeg.z             -0.0009   2.98e-05    -30.851      0.000      -0.001      -0.001
LeftFoot.x             0.0015   6.94e-05     21.536      0.000       0.001       0.002
LeftFoot.y            -0.0029   8.91e-05    -32.169      0.000      -0.003      -0.003
LeftFoot.z            -0.0002   4.34e-05     -4.323      0.000      -0.000      -0.000
LeftToe.x              0.0006   2.67e-05     23.465      0.000       0.001       0.001
LeftToe.y             -0.0007    3.1e-05    -21.072      0.000      -0.001      -0.001
LeftToe.z             -0.0004   1.72e-05    -25.182      0.000      -0.000      -0.000
LeftHeel.x            -0.0012    5.7e-05    -21.167      0.000      -0.001      -0.001
LeftHeel.y             0.0004    7.2e-05      5.939      0.000       0.000       0.001
LeftHeel.z             0.0003   3.61e-05      7.232      0.000       0.000       0.000
RightThigh.x           0.0352      0.019      1.816      0.069      -0.003       0.073
RightThigh.y           0.0358      0.037      0.960      0.337      -0.037       0.109
RightThigh.z          -0.0452      0.020     -2.244      0.025      -0.085      -0.006
RightLeg.x             0.0016   3.77e-05     43.398      0.000       0.002       0.002
RightLeg.y            -0.0062   6.15e-05   -100.634      0.000      -0.006      -0.006
RightLeg.z            -0.0008   3.11e-05    -25.139      0.000      -0.001      -0.001
RightFoot.x            0.0012   6.33e-05     18.743      0.000       0.001       0.001
RightFoot.y           -0.0022      8e-05    -27.268      0.000      -0.002      -0.002
RightFoot.z           -0.0007    3.8e-05    -18.523      0.000      -0.001      -0.001
RightToe.x             0.0003   2.29e-05     10.978      0.000       0.000       0.000
RightToe.y            -0.0006   2.72e-05    -23.703      0.000      -0.001      -0.001
RightToe.z            -0.0002   1.31e-05    -15.548      0.000      -0.000      -0.000
RightHeel.x           -0.0005   5.62e-05     -9.733      0.000      -0.001      -0.000
RightHeel.y           -0.0002   5.98e-05     -3.931      0.000      -0.000      -0.000
RightHeel.z            0.0004   3.42e-05     11.988      0.000       0.000       0.000
SpineLow.x            -0.0948      0.049     -1.943      0.052      -0.191       0.001
SpineLow.y            -0.3188      0.094     -3.392      0.001      -0.503      -0.135
SpineLow.z            -0.0907      0.051     -1.793      0.073      -0.190       0.008
SpineMid.x             0.0899      0.002     51.099      0.000       0.086       0.093
SpineMid.y             0.2006      0.005     37.285      0.000       0.190       0.211
SpineMid.z            -0.0087      0.001     -6.253      0.000      -0.011      -0.006
Chest.x               -0.0313      0.001    -52.445      0.000      -0.032      -0.030
Chest.y               -0.0606      0.002    -25.872      0.000      -0.065      -0.056
Chest.z                0.0064      0.001     11.197      0.000       0.005       0.008
LeftShoulder.x         0.0034      0.000     25.003      0.000       0.003       0.004
LeftShoulder.y        -0.0101      0.000    -27.311      0.000      -0.011      -0.009
LeftShoulder.z        -0.0080      0.000    -45.647      0.000      -0.008      -0.008
LeftArm.x              0.0020    4.6e-05     43.815      0.000       0.002       0.002
LeftArm.y             -0.0009   7.82e-05    -11.184      0.000      -0.001      -0.001
LeftArm.z              0.0001   5.57e-05      2.582      0.010    3.46e-05       0.000
LeftForearm.x          0.0005   1.13e-05     42.133      0.000       0.000       0.000
LeftForearm.y         -0.0017   2.07e-05    -83.032      0.000      -0.002      -0.002
LeftForearm.z         -0.0002   9.84e-06    -22.820      0.000      -0.000      -0.000
LeftHand.x             0.0003   1.99e-05     16.714      0.000       0.000       0.000
LeftHand.y            -0.0011   3.57e-05    -30.329      0.000      -0.001      -0.001
LeftHand.z            -0.0002   2.29e-05    -10.146      0.000      -0.000      -0.000
LeftFinger.x       -1.279e-05   1.64e-05     -0.778      0.437    -4.5e-05    1.94e-05
LeftFinger.y       -2.954e-05   2.78e-05     -1.062      0.288   -8.41e-05     2.5e-05
LeftFinger.z        9.334e-05   1.94e-05      4.811      0.000    5.53e-05       0.000
RightShoulder.x        0.0079      0.000     58.294      0.000       0.008       0.008
RightShoulder.y       -0.0160      0.000    -42.515      0.000      -0.017      -0.015
RightShoulder.z       -0.0016      0.000     -8.778      0.000      -0.002      -0.001
RightArm.x             0.0012   5.08e-05     24.304      0.000       0.001       0.001
RightArm.y            -0.0005   7.33e-05     -6.680      0.000      -0.001      -0.000
RightArm.z             0.0014   8.62e-05     16.154      0.000       0.001       0.002
RightForearm.x         0.0002   2.34e-05      7.546      0.000       0.000       0.000
RightForearm.y        -0.0013   3.13e-05    -41.843      0.000      -0.001      -0.001
RightForearm.z        -0.0001   2.08e-05     -6.041      0.000      -0.000   -8.48e-05
RightHand.x            0.0009   5.28e-05     16.689      0.000       0.001       0.001
RightHand.y           -0.0013   3.77e-05    -33.643      0.000      -0.001      -0.001
RightHand.z           -0.0003   4.12e-05     -8.003      0.000      -0.000      -0.000
RightFinger.x         -0.0003   3.81e-05     -8.659      0.000      -0.000      -0.000
RightFinger.y      -1.443e-05   2.64e-05     -0.546      0.585   -6.62e-05    3.73e-05
RightFinger.z       7.269e-05   2.99e-05      2.428      0.015     1.4e-05       0.000
Body.velx             -0.1767      0.004    -48.234      0.000      -0.184      -0.170
Body.vely              0.0636      0.003     18.300      0.000       0.057       0.070
Body.velz             -0.0023      0.004     -0.573      0.567      -0.010       0.005
Hips.velx              0.1017      0.070      1.449      0.147      -0.036       0.239
Hips.vely              0.1085      0.143      0.759      0.448      -0.172       0.389
Hips.velz             -0.1755      0.067     -2.614      0.009      -0.307      -0.044
LeftThigh.velx        -0.0437      0.014     -3.092      0.002      -0.071      -0.016
LeftThigh.vely        -0.0084      0.025     -0.338      0.735      -0.057       0.041
LeftThigh.velz         0.0159      0.014      1.104      0.269      -0.012       0.044
LeftLeg.velx           0.0232      0.001     43.941      0.000       0.022       0.024
LeftLeg.vely          -0.0100      0.001    -19.818      0.000      -0.011      -0.009
LeftLeg.velz       -3.354e-05      0.001     -0.059      0.953      -0.001       0.001
LeftFoot.velx          0.0126      0.001     16.805      0.000       0.011       0.014
LeftFoot.vely         -0.0006      0.001     -0.735      0.462      -0.002       0.001
LeftFoot.velz          0.0011      0.001      2.239      0.025       0.000       0.002
LeftToe.velx           0.0016      0.000      4.546      0.000       0.001       0.002
LeftToe.vely          -0.0005      0.000     -1.358      0.174      -0.001       0.000
LeftToe.velz           0.0001      0.000      0.574      0.566      -0.000       0.001
LeftHeel.velx         -0.0012      0.001     -1.970      0.049      -0.002   -6.59e-06
LeftHeel.vely         -0.0032      0.001     -4.529      0.000      -0.005      -0.002
LeftHeel.velz         -0.0006      0.000     -1.676      0.094      -0.001       0.000
RightThigh.velx       -0.0398      0.014     -2.815      0.005      -0.068      -0.012
RightThigh.vely       -0.0012      0.025     -0.048      0.962      -0.050       0.048
RightThigh.velz       -0.0032      0.014     -0.221      0.825      -0.031       0.025
RightLeg.velx          0.0237      0.001     44.426      0.000       0.023       0.025
RightLeg.vely         -0.0105      0.001    -20.109      0.000      -0.012      -0.010
RightLeg.velz         -0.0003      0.001     -0.453      0.650      -0.001       0.001
RightFoot.velx         0.0107      0.001     14.248      0.000       0.009       0.012
RightFoot.vely        -0.0022      0.001     -2.979      0.003      -0.004      -0.001
RightFoot.velz        -0.0002      0.000     -0.508      0.612      -0.001       0.001
RightToe.velx          0.0036      0.000     11.801      0.000       0.003       0.004
RightToe.vely         -0.0016      0.000     -5.138      0.000      -0.002      -0.001
RightToe.velz         -0.0006      0.000     -3.398      0.001      -0.001      -0.000
RightHeel.velx        -0.0012      0.001     -1.822      0.068      -0.002    8.94e-05
RightHeel.vely        -0.0005      0.001     -0.888      0.375      -0.002       0.001
RightHeel.velz         0.0004      0.000      1.066      0.287      -0.000       0.001
SpineLow.velx          0.2043      0.061      3.367      0.001       0.085       0.323
SpineLow.vely         -0.1910      0.150     -1.271      0.204      -0.485       0.104
SpineLow.velz          0.2170      0.048      4.493      0.000       0.122       0.312
SpineMid.velx         -0.0951      0.023     -4.143      0.000      -0.140      -0.050
SpineMid.vely          0.0351      0.071      0.493      0.622      -0.104       0.175
SpineMid.velz         -0.0432      0.017     -2.575      0.010      -0.076      -0.010
Chest.velx            -0.0118      0.008     -1.552      0.121      -0.027       0.003
Chest.vely             0.0466      0.031      1.487      0.137      -0.015       0.108
Chest.velz            -0.0135      0.007     -1.862      0.063      -0.028       0.001
LeftShoulder.velx      0.0649      0.002     26.190      0.000       0.060       0.070
LeftShoulder.vely     -0.0549      0.006     -9.928      0.000      -0.066      -0.044
LeftShoulder.velz     -0.0266      0.003     -8.674      0.000      -0.033      -0.021
LeftArm.velx          -0.0004      0.001     -0.336      0.737      -0.003       0.002
LeftArm.vely           0.0138      0.002      9.059      0.000       0.011       0.017
LeftArm.velz          -0.0096      0.001     -7.746      0.000      -0.012      -0.007
LeftForearm.velx       0.0054      0.000     17.973      0.000       0.005       0.006
LeftForearm.vely      -0.0036      0.000     -8.326      0.000      -0.004      -0.003
LeftForearm.velz       0.0004      0.000      1.123      0.262      -0.000       0.001
LeftHand.velx          0.0055      0.001     10.948      0.000       0.005       0.007
LeftHand.vely         -0.0039      0.001     -5.018      0.000      -0.005      -0.002
LeftHand.velz          0.0006      0.001      1.136      0.256      -0.000       0.002
LeftFinger.velx       -0.0007      0.000     -1.730      0.084      -0.001    8.97e-05
LeftFinger.vely        0.0021      0.001      3.445      0.001       0.001       0.003
LeftFinger.velz       -0.0003      0.000     -0.866      0.386      -0.001       0.000
RightShoulder.velx     0.0747      0.002     31.774      0.000       0.070       0.079
RightShoulder.vely    -0.0373      0.005     -6.784      0.000      -0.048      -0.027
RightShoulder.velz     0.0362      0.003     10.836      0.000       0.030       0.043
RightArm.velx          0.0031      0.001      2.936      0.003       0.001       0.005
RightArm.vely         -0.0017      0.001     -1.202      0.229      -0.004       0.001
RightArm.velz          0.0071      0.002      4.376      0.000       0.004       0.010
RightForearm.velx      0.0095      0.000     20.312      0.000       0.009       0.010
RightForearm.vely     -0.0024      0.001     -3.599      0.000      -0.004      -0.001
RightForearm.velz     -0.0008      0.000     -1.540      0.124      -0.002       0.000
RightHand.velx        -0.0012      0.001     -1.312      0.190      -0.003       0.001
RightHand.vely         0.0040      0.001      4.654      0.000       0.002       0.006
RightHand.velz        -0.0037      0.001     -4.144      0.000      -0.006      -0.002
RightFinger.velx       0.0046      0.001      6.714      0.000       0.003       0.006
RightFinger.vely      -0.0048      0.001     -7.798      0.000      -0.006      -0.004
RightFinger.velz       0.0030      0.001      4.787      0.000       0.002       0.004
com.x                 -0.0129      0.000    -50.196      0.000      -0.013      -0.012
com.y                  0.0455      0.000    105.729      0.000       0.045       0.046
com.z                  0.0062      0.000     31.263      0.000       0.006       0.007
com.velx              -0.1767      0.004    -48.234      0.000      -0.184      -0.170
com.vely               0.0636      0.003     18.300      0.000       0.057       0.070
com.velz              -0.0023      0.004     -0.573      0.567      -0.010       0.005
gaitPerc              -0.0077      0.003     -2.982      0.003      -0.013      -0.003
foothold1.x            0.0548      0.006      8.771      0.000       0.043       0.067
foothold1.y           -0.0387      0.016     -2.381      0.017      -0.071      -0.007
foothold1.z           -0.0427      0.004    -10.743      0.000      -0.050      -0.035
foothold2.x            0.1168      0.005     21.566      0.000       0.106       0.127
foothold2.y           -0.0385      0.003    -12.613      0.000      -0.045      -0.033
foothold2.z           -0.0387      0.004     -9.770      0.000      -0.046      -0.031
foothold3.x            0.0895      0.007     12.095      0.000       0.075       0.104
foothold3.y           -0.0593      0.003    -18.260      0.000      -0.066      -0.053
foothold3.z            0.0436      0.004      9.693      0.000       0.035       0.052
foothold4.x            0.0139      0.010      1.414      0.158      -0.005       0.033
foothold4.y            0.0447      0.004     11.845      0.000       0.037       0.052
foothold4.z           -0.0706      0.005    -13.429      0.000      -0.081      -0.060
foothold5.x            0.0430      0.009      4.850      0.000       0.026       0.060
foothold5.y           -0.0208      0.003     -6.501      0.000      -0.027      -0.015
foothold5.z            0.0331      0.004      8.298      0.000       0.025       0.041
height                -0.0034      0.001     -5.513      0.000      -0.005      -0.002
leglength              0.0064      0.001      4.948      0.000       0.004       0.009
==============================================================================
Omnibus:                     3508.036   Durbin-Watson:                   0.084
Prob(Omnibus):                  0.000   Jarque-Bera (JB):             9556.236
Skew:                          -0.156   Prob(JB):                         0.00
Kurtosis:                       4.553   Cond. No.                     1.22e+16
==============================================================================

Warnings:
[1] Standard Errors assume that the covariance matrix of the errors is correctly specified.
[2] The smallest eigenvalue is 1.62e-20. This might indicate that there are
strong multicollinearity problems or that the design matrix is singular.
************************************************************************************************************************
Regression result for 2nd dimension
                            OLS Regression Results                            
==============================================================================
Dep. Variable:                      y   R-squared:                       0.616
Model:                            OLS   Adj. R-squared:                  0.616
Method:                 Least Squares   F-statistic:                     873.3
Date:                Wed, 17 Apr 2019   Prob (F-statistic):               0.00
Time:                        09:31:41   Log-Likelihood:             1.0526e+05
No. Observations:               91469   AIC:                        -2.102e+05
Df Residuals:                   91300   BIC:                        -2.086e+05
Df Model:                         168                                         
Covariance Type:            nonrobust                                         
======================================================================================
                         coef    std err          t      P>|t|      [0.025      0.975]
--------------------------------------------------------------------------------------
constant              -2.1134      0.123    -17.133      0.000      -2.355      -1.872
Body.x                -0.0166      0.000    -67.643      0.000      -0.017      -0.016
Body.y                 0.0423      0.000    102.682      0.000       0.042       0.043
Body.z                 0.0070      0.000     37.121      0.000       0.007       0.007
Hips.x                -0.1245      0.084     -1.485      0.138      -0.289       0.040
Hips.y                -0.0352      0.161     -0.219      0.827      -0.351       0.281
Hips.z                 0.0468      0.087      0.538      0.591      -0.124       0.217
LeftThigh.x            0.0543      0.019      2.921      0.003       0.018       0.091
LeftThigh.y            0.0305      0.036      0.855      0.392      -0.039       0.100
LeftThigh.z           -0.0132      0.019     -0.681      0.496      -0.051       0.025
LeftLeg.x              0.0023   3.55e-05     63.657      0.000       0.002       0.002
LeftLeg.y             -0.0058   5.92e-05    -97.851      0.000      -0.006      -0.006
LeftLeg.z             -0.0009   2.85e-05    -32.125      0.000      -0.001      -0.001
LeftFoot.x             0.0015   6.65e-05     22.260      0.000       0.001       0.002
LeftFoot.y            -0.0014   8.54e-05    -16.649      0.000      -0.002      -0.001
LeftFoot.z            -0.0004   4.16e-05     -9.773      0.000      -0.000      -0.000
LeftToe.x           5.193e-06   2.56e-05      0.203      0.839    -4.5e-05    5.54e-05
LeftToe.y             -0.0010   2.97e-05    -33.176      0.000      -0.001      -0.001
LeftToe.z             -0.0002   1.65e-05    -10.960      0.000      -0.000      -0.000
LeftHeel.x            -0.0003   5.47e-05     -5.219      0.000      -0.000      -0.000
LeftHeel.y            -0.0006    6.9e-05     -7.995      0.000      -0.001      -0.000
LeftHeel.z             0.0001   3.46e-05      3.175      0.001    4.21e-05       0.000
RightThigh.x           0.0531      0.019      2.857      0.004       0.017       0.090
RightThigh.y           0.0321      0.036      0.899      0.368      -0.038       0.102
RightThigh.z          -0.0160      0.019     -0.828      0.408      -0.054       0.022
RightLeg.x             0.0023   3.61e-05     64.914      0.000       0.002       0.002
RightLeg.y            -0.0057   5.89e-05    -96.614      0.000      -0.006      -0.006
RightLeg.z            -0.0009   2.98e-05    -31.529      0.000      -0.001      -0.001
RightFoot.x            0.0006   6.07e-05     10.139      0.000       0.000       0.001
RightFoot.y           -0.0020   7.67e-05    -26.739      0.000      -0.002      -0.002
RightFoot.z           -0.0002   3.64e-05     -6.424      0.000      -0.000      -0.000
RightToe.x             0.0002    2.2e-05      9.781      0.000       0.000       0.000
RightToe.y            -0.0008   2.61e-05    -31.789      0.000      -0.001      -0.001
RightToe.z            -0.0002   1.26e-05    -12.712      0.000      -0.000      -0.000
RightHeel.x            0.0003   5.38e-05      5.078      0.000       0.000       0.000
RightHeel.y           -0.0001   5.73e-05     -2.240      0.025      -0.000   -1.61e-05
RightHeel.z        -6.945e-05   3.28e-05     -2.119      0.034      -0.000   -5.21e-06
SpineLow.x            -0.0267      0.047     -0.571      0.568      -0.118       0.065
SpineLow.y            -0.1397      0.090     -1.550      0.121      -0.316       0.037
SpineLow.z            -0.0167      0.049     -0.345      0.730      -0.112       0.078
SpineMid.x             0.0792      0.002     47.004      0.000       0.076       0.083
SpineMid.y             0.1094      0.005     21.216      0.000       0.099       0.119
SpineMid.z            -0.0084      0.001     -6.293      0.000      -0.011      -0.006
Chest.x               -0.0293      0.001    -51.221      0.000      -0.030      -0.028
Chest.y               -0.0266      0.002    -11.859      0.000      -0.031      -0.022
Chest.z                0.0052      0.001      9.349      0.000       0.004       0.006
LeftShoulder.x         0.0065      0.000     49.801      0.000       0.006       0.007
LeftShoulder.y        -0.0149      0.000    -42.127      0.000      -0.016      -0.014
LeftShoulder.z        -0.0066      0.000    -39.478      0.000      -0.007      -0.006
LeftArm.x              0.0015   4.41e-05     34.732      0.000       0.001       0.002
LeftArm.y             -0.0003   7.49e-05     -3.595      0.000      -0.000      -0.000
LeftArm.z          -3.421e-05   5.34e-05     -0.641      0.522      -0.000    7.05e-05
LeftForearm.x          0.0006   1.08e-05     59.859      0.000       0.001       0.001
LeftForearm.y         -0.0016   1.99e-05    -80.149      0.000      -0.002      -0.002
LeftForearm.z         -0.0002   9.43e-06    -23.961      0.000      -0.000      -0.000
LeftHand.x             0.0003   1.91e-05     15.354      0.000       0.000       0.000
LeftHand.y            -0.0010   3.42e-05    -30.336      0.000      -0.001      -0.001
LeftHand.z            -0.0004   2.19e-05    -17.985      0.000      -0.000      -0.000
LeftFinger.x        6.562e-05   1.58e-05      4.164      0.000    3.47e-05    9.65e-05
LeftFinger.y        1.337e-05   2.67e-05      0.501      0.616   -3.89e-05    6.56e-05
LeftFinger.z           0.0002   1.86e-05     11.132      0.000       0.000       0.000
RightShoulder.x        0.0092      0.000     70.967      0.000       0.009       0.009
RightShoulder.y       -0.0166      0.000    -46.077      0.000      -0.017      -0.016
RightShoulder.z       -0.0020      0.000    -11.026      0.000      -0.002      -0.002
RightArm.x             0.0010   4.87e-05     21.431      0.000       0.001       0.001
RightArm.y            -0.0008   7.03e-05    -11.509      0.000      -0.001      -0.001
RightArm.z             0.0006   8.26e-05      7.413      0.000       0.000       0.001
RightForearm.x         0.0004   2.24e-05     15.662      0.000       0.000       0.000
RightForearm.y        -0.0011      3e-05    -38.175      0.000      -0.001      -0.001
RightForearm.z        -0.0002   1.99e-05     -7.775      0.000      -0.000      -0.000
RightHand.x            0.0011   5.06e-05     22.395      0.000       0.001       0.001
RightHand.y           -0.0013   3.62e-05    -37.153      0.000      -0.001      -0.001
RightHand.z           -0.0006   3.95e-05    -14.117      0.000      -0.001      -0.000
RightFinger.x         -0.0005   3.66e-05    -12.615      0.000      -0.001      -0.000
RightFinger.y          0.0001   2.53e-05      4.250      0.000     5.8e-05       0.000
RightFinger.z          0.0002   2.87e-05      8.141      0.000       0.000       0.000
Body.velx             -0.1997      0.004    -56.862      0.000      -0.207      -0.193
Body.vely              0.0637      0.003     19.122      0.000       0.057       0.070
Body.velz             -0.0064      0.004     -1.678      0.093      -0.014       0.001
Hips.velx              0.1479      0.067      2.198      0.028       0.016       0.280
Hips.vely              0.3004      0.137      2.191      0.028       0.032       0.569
Hips.velz             -0.0556      0.064     -0.864      0.388      -0.182       0.071
LeftThigh.velx        -0.0656      0.014     -4.836      0.000      -0.092      -0.039
LeftThigh.vely        -0.0128      0.024     -0.536      0.592      -0.060       0.034
LeftThigh.velz         0.0039      0.014      0.282      0.778      -0.023       0.031
LeftLeg.velx           0.0266      0.001     52.501      0.000       0.026       0.028
LeftLeg.vely          -0.0088      0.000    -18.259      0.000      -0.010      -0.008
LeftLeg.velz           0.0010      0.001      1.766      0.077      -0.000       0.002
LeftFoot.velx          0.0111      0.001     15.501      0.000       0.010       0.013
LeftFoot.vely         -0.0015      0.001     -1.816      0.069      -0.003       0.000
LeftFoot.velz          0.0012      0.000      2.405      0.016       0.000       0.002
LeftToe.velx           0.0023      0.000      7.034      0.000       0.002       0.003
LeftToe.vely          -0.0013      0.000     -4.208      0.000      -0.002      -0.001
LeftToe.velz        9.972e-05      0.000      0.457      0.648      -0.000       0.001
LeftHeel.velx          0.0008      0.001      1.300      0.194      -0.000       0.002
LeftHeel.vely         -0.0013      0.001     -1.959      0.050      -0.003    5.24e-07
LeftHeel.velz         -0.0008      0.000     -2.268      0.023      -0.002      -0.000
RightThigh.velx       -0.0595      0.014     -4.391      0.000      -0.086      -0.033
RightThigh.vely       -0.0050      0.024     -0.208      0.835      -0.052       0.042
RightThigh.velz       -0.0224      0.014     -1.623      0.105      -0.049       0.005
RightLeg.velx          0.0277      0.001     54.165      0.000       0.027       0.029
RightLeg.vely         -0.0102      0.001    -20.258      0.000      -0.011      -0.009
RightLeg.velz          0.0001      0.001      0.205      0.838      -0.001       0.001
RightFoot.velx         0.0098      0.001     13.718      0.000       0.008       0.011
RightFoot.vely        -0.0016      0.001     -2.166      0.030      -0.003      -0.000
RightFoot.velz         0.0010      0.000      2.396      0.017       0.000       0.002
RightToe.velx          0.0039      0.000     13.586      0.000       0.003       0.004
RightToe.vely         -0.0025      0.000     -8.492      0.000      -0.003      -0.002
RightToe.velz         -0.0009      0.000     -5.464      0.000      -0.001      -0.001
RightHeel.velx         0.0002      0.001      0.359      0.719      -0.001       0.001
RightHeel.vely        -0.0001      0.001     -0.235      0.814      -0.001       0.001
RightHeel.velz        -0.0002      0.000     -0.481      0.631      -0.001       0.000
SpineLow.velx          0.2398      0.058      4.122      0.000       0.126       0.354
SpineLow.vely         -0.4617      0.144     -3.206      0.001      -0.744      -0.179
SpineLow.velz          0.1114      0.046      2.406      0.016       0.021       0.202
SpineMid.velx         -0.1214      0.022     -5.518      0.000      -0.165      -0.078
SpineMid.vely          0.1529      0.068      2.241      0.025       0.019       0.287
SpineMid.velz         -0.0272      0.016     -1.690      0.091      -0.059       0.004
Chest.velx            -0.0094      0.007     -1.293      0.196      -0.024       0.005
Chest.vely            -0.0171      0.030     -0.570      0.569      -0.076       0.042
Chest.velz            -0.0060      0.007     -0.868      0.385      -0.020       0.008
LeftShoulder.velx      0.0768      0.002     32.338      0.000       0.072       0.081
LeftShoulder.vely     -0.0371      0.005     -6.993      0.000      -0.047      -0.027
LeftShoulder.velz     -0.0188      0.003     -6.406      0.000      -0.025      -0.013
LeftArm.velx           0.0016      0.001      1.458      0.145      -0.001       0.004
LeftArm.vely           0.0083      0.001      5.716      0.000       0.005       0.011
LeftArm.velz          -0.0023      0.001     -1.931      0.053      -0.005     3.4e-05
LeftForearm.velx       0.0056      0.000     19.510      0.000       0.005       0.006
LeftForearm.vely      -0.0035      0.000     -8.408      0.000      -0.004      -0.003
LeftForearm.velz       0.0026      0.000      8.295      0.000       0.002       0.003
LeftHand.velx          0.0062      0.000     12.688      0.000       0.005       0.007
LeftHand.vely         -0.0047      0.001     -6.352      0.000      -0.006      -0.003
LeftHand.velz          0.0010      0.000      2.068      0.039    5.34e-05       0.002
LeftFinger.velx       -0.0006      0.000     -1.630      0.103      -0.001       0.000
LeftFinger.vely        0.0027      0.001      4.653      0.000       0.002       0.004
LeftFinger.velz       -0.0008      0.000     -2.076      0.038      -0.002   -4.47e-05
RightShoulder.velx     0.0712      0.002     31.602      0.000       0.067       0.076
RightShoulder.vely    -0.0219      0.005     -4.162      0.000      -0.032      -0.012
RightShoulder.velz     0.0186      0.003      5.804      0.000       0.012       0.025
RightArm.velx          0.0095      0.001      9.479      0.000       0.008       0.011
RightArm.vely          0.0020      0.001      1.494      0.135      -0.001       0.005
RightArm.velz          0.0080      0.002      5.183      0.000       0.005       0.011
RightForearm.velx      0.0102      0.000     22.715      0.000       0.009       0.011
RightForearm.vely     -0.0016      0.001     -2.536      0.011      -0.003      -0.000
RightForearm.velz     -0.0014      0.000     -2.946      0.003      -0.002      -0.000
RightHand.velx        -0.0009      0.001     -1.020      0.308      -0.003       0.001
RightHand.vely         0.0025      0.001      3.073      0.002       0.001       0.004
RightHand.velz        -0.0019      0.001     -2.158      0.031      -0.004      -0.000
RightFinger.velx       0.0049      0.001      7.487      0.000       0.004       0.006
RightFinger.vely      -0.0035      0.001     -5.990      0.000      -0.005      -0.002
RightFinger.velz       0.0015      0.001      2.447      0.014       0.000       0.003
com.x                 -0.0166      0.000    -67.643      0.000      -0.017      -0.016
com.y                  0.0423      0.000    102.682      0.000       0.042       0.043
com.z                  0.0070      0.000     37.121      0.000       0.007       0.007
com.velx              -0.1997      0.004    -56.862      0.000      -0.207      -0.193
com.vely               0.0637      0.003     19.122      0.000       0.057       0.070
com.velz              -0.0064      0.004     -1.678      0.093      -0.014       0.001
gaitPerc              -0.0077      0.002     -3.107      0.002      -0.013      -0.003
foothold1.x           -0.0105      0.006     -1.754      0.080      -0.022       0.001
foothold1.y            0.0420      0.016      2.696      0.007       0.011       0.073
foothold1.z            0.0026      0.004      0.684      0.494      -0.005       0.010
foothold2.x            0.0194      0.005      3.735      0.000       0.009       0.030
foothold2.y            0.0361      0.003     12.330      0.000       0.030       0.042
foothold2.z           -0.0416      0.004    -10.963      0.000      -0.049      -0.034
foothold3.x            0.0496      0.007      7.001      0.000       0.036       0.064
foothold3.y           -0.0186      0.003     -5.979      0.000      -0.025      -0.013
foothold3.z            0.0109      0.004      2.538      0.011       0.002       0.019
foothold4.x           -0.0078      0.009     -0.829      0.407      -0.026       0.011
foothold4.y            0.0308      0.004      8.508      0.000       0.024       0.038
foothold4.z           -0.0491      0.005     -9.748      0.000      -0.059      -0.039
foothold5.x            0.0281      0.009      3.306      0.001       0.011       0.045
foothold5.y           -0.0099      0.003     -3.222      0.001      -0.016      -0.004
foothold5.z            0.0055      0.004      1.435      0.151      -0.002       0.013
height                -0.0047      0.001     -7.932      0.000      -0.006      -0.004
leglength              0.0093      0.001      7.547      0.000       0.007       0.012
==============================================================================
Omnibus:                    14401.795   Durbin-Watson:                   0.099
Prob(Omnibus):                  0.000   Jarque-Bera (JB):            40667.774
Skew:                           0.849   Prob(JB):                         0.00
Kurtosis:                       5.791   Cond. No.                     1.22e+16
==============================================================================

Warnings:
[1] Standard Errors assume that the covariance matrix of the errors is correctly specified.
[2] The smallest eigenvalue is 1.62e-20. This might indicate that there are
strong multicollinearity problems or that the design matrix is singular.
************************************************************************************************************************
Regression result for 3rd dimension
                            OLS Regression Results                            
==============================================================================
Dep. Variable:                      y   R-squared:                       0.801
Model:                            OLS   Adj. R-squared:                  0.800
Method:                 Least Squares   F-statistic:                     2185.
Date:                Wed, 17 Apr 2019   Prob (F-statistic):               0.00
Time:                        09:31:46   Log-Likelihood:                 91985.
No. Observations:               91469   AIC:                        -1.836e+05
Df Residuals:                   91300   BIC:                        -1.820e+05
Df Model:                         168                                         
Covariance Type:            nonrobust                                         
======================================================================================
                         coef    std err          t      P>|t|      [0.025      0.975]
--------------------------------------------------------------------------------------
constant               0.1513      0.143      1.061      0.289      -0.128       0.431
Body.x                -0.0212      0.000    -74.575      0.000      -0.022      -0.021
Body.y                -0.0077      0.000    -16.074      0.000      -0.009      -0.007
Body.z                 0.0119      0.000     54.236      0.000       0.011       0.012
Hips.x                 0.0928      0.097      0.957      0.339      -0.097       0.283
Hips.y                 0.1790      0.186      0.961      0.337      -0.186       0.544
Hips.z                 0.2137      0.101      2.122      0.034       0.016       0.411
LeftThigh.x           -0.0063      0.022     -0.293      0.770      -0.048       0.036
LeftThigh.y           -0.0112      0.041     -0.271      0.787      -0.092       0.070
LeftThigh.z           -0.0455      0.022     -2.039      0.042      -0.089      -0.002
LeftLeg.x              0.0031   4.11e-05     74.767      0.000       0.003       0.003
LeftLeg.y              0.0012   6.84e-05     17.532      0.000       0.001       0.001
LeftLeg.z             -0.0019    3.3e-05    -58.172      0.000      -0.002      -0.002
LeftFoot.x             0.0009   7.69e-05     11.774      0.000       0.001       0.001
LeftFoot.y            -0.0009   9.87e-05     -9.008      0.000      -0.001      -0.001
LeftFoot.z            -0.0009   4.81e-05    -18.446      0.000      -0.001      -0.001
LeftToe.x              0.0008   2.96e-05     28.403      0.000       0.001       0.001
LeftToe.y              0.0006   3.43e-05     17.624      0.000       0.001       0.001
LeftToe.z          -2.158e-05   1.91e-05     -1.132      0.258    -5.9e-05    1.58e-05
LeftHeel.x            -0.0004   6.32e-05     -6.639      0.000      -0.001      -0.000
LeftHeel.y             0.0007   7.98e-05      9.147      0.000       0.001       0.001
LeftHeel.z          3.372e-05      4e-05      0.843      0.399   -4.47e-05       0.000
RightThigh.x          -0.0071      0.022     -0.330      0.741      -0.049       0.035
RightThigh.y          -0.0100      0.041     -0.243      0.808      -0.091       0.071
RightThigh.z          -0.0492      0.022     -2.203      0.028      -0.093      -0.005
RightLeg.x             0.0029   4.17e-05     69.430      0.000       0.003       0.003
RightLeg.y             0.0009   6.81e-05     12.684      0.000       0.001       0.001
RightLeg.z            -0.0018   3.45e-05    -53.260      0.000      -0.002      -0.002
RightFoot.x            0.0020   7.02e-05     28.541      0.000       0.002       0.002
RightFoot.y         3.806e-05   8.86e-05      0.429      0.668      -0.000       0.000
RightFoot.z           -0.0005   4.21e-05    -12.403      0.000      -0.001      -0.000
RightToe.x             0.0005   2.54e-05     19.375      0.000       0.000       0.001
RightToe.y             0.0003   3.02e-05     10.382      0.000       0.000       0.000
RightToe.z            -0.0003   1.45e-05    -19.188      0.000      -0.000      -0.000
RightHeel.x           -0.0009   6.22e-05    -14.667      0.000      -0.001      -0.001
RightHeel.y            0.0003   6.63e-05      4.058      0.000       0.000       0.000
RightHeel.z        -9.174e-05   3.79e-05     -2.421      0.015      -0.000   -1.75e-05
SpineLow.x            -0.0912      0.054     -1.686      0.092      -0.197       0.015
SpineLow.y            -0.2180      0.104     -2.093      0.036      -0.422      -0.014
SpineLow.z            -0.1322      0.056     -2.357      0.018      -0.242      -0.022
SpineMid.x             0.0370      0.002     18.994      0.000       0.033       0.041
SpineMid.y             0.0855      0.006     14.342      0.000       0.074       0.097
SpineMid.z             0.0083      0.002      5.346      0.000       0.005       0.011
Chest.x               -0.0078      0.001    -11.790      0.000      -0.009      -0.007
Chest.y               -0.0113      0.003     -4.368      0.000      -0.016      -0.006
Chest.z               -0.0037      0.001     -5.762      0.000      -0.005      -0.002
LeftShoulder.x         0.0055      0.000     36.932      0.000       0.005       0.006
LeftShoulder.y        -0.0019      0.000     -4.573      0.000      -0.003      -0.001
LeftShoulder.z        -0.0065      0.000    -33.705      0.000      -0.007      -0.006
LeftArm.x              0.0012    5.1e-05     23.934      0.000       0.001       0.001
LeftArm.y              0.0011   8.66e-05     12.247      0.000       0.001       0.001
LeftArm.z          -9.733e-05   6.17e-05     -1.576      0.115      -0.000    2.37e-05
LeftForearm.x          0.0008   1.25e-05     66.554      0.000       0.001       0.001
LeftForearm.y          0.0002    2.3e-05      7.038      0.000       0.000       0.000
LeftForearm.z         -0.0004   1.09e-05    -36.115      0.000      -0.000      -0.000
LeftHand.x             0.0004    2.2e-05     17.723      0.000       0.000       0.000
LeftHand.y            -0.0005   3.95e-05    -13.603      0.000      -0.001      -0.000
LeftHand.z            -0.0002   2.54e-05     -8.250      0.000      -0.000      -0.000
LeftFinger.x        9.105e-05   1.82e-05      4.997      0.000    5.53e-05       0.000
LeftFinger.y           0.0007   3.08e-05     23.314      0.000       0.001       0.001
LeftFinger.z       -7.595e-05   2.15e-05     -3.532      0.000      -0.000   -3.38e-05
RightShoulder.x        0.0057      0.000     37.696      0.000       0.005       0.006
RightShoulder.y       -0.0034      0.000     -8.170      0.000      -0.004      -0.003
RightShoulder.z       -0.0017      0.000     -8.363      0.000      -0.002      -0.001
RightArm.x             0.0010   5.63e-05     17.498      0.000       0.001       0.001
RightArm.y             0.0025   8.13e-05     30.244      0.000       0.002       0.003
RightArm.z             0.0002   9.55e-05      2.121      0.034    1.53e-05       0.000
RightForearm.x         0.0007   2.59e-05     25.486      0.000       0.001       0.001
RightForearm.y        -0.0006   3.47e-05    -16.161      0.000      -0.001      -0.000
RightForearm.z     -9.822e-05    2.3e-05     -4.263      0.000      -0.000   -5.31e-05
RightHand.x            0.0012   5.85e-05     21.170      0.000       0.001       0.001
RightHand.y            0.0007   4.18e-05     15.678      0.000       0.001       0.001
RightHand.z           -0.0006   4.57e-05    -12.703      0.000      -0.001      -0.000
RightFinger.x         -0.0005   4.23e-05    -12.006      0.000      -0.001      -0.000
RightFinger.y         -0.0003   2.93e-05    -11.233      0.000      -0.000      -0.000
RightFinger.z       7.576e-05   3.32e-05      2.284      0.022    1.07e-05       0.000
Body.velx             -0.0556      0.004    -13.694      0.000      -0.064      -0.048
Body.vely              0.0166      0.004      4.304      0.000       0.009       0.024
Body.velz              0.0297      0.004      6.764      0.000       0.021       0.038
Hips.velx              0.1492      0.078      1.918      0.055      -0.003       0.302
Hips.vely              0.1628      0.159      1.027      0.304      -0.148       0.474
Hips.velz             -0.2466      0.074     -3.315      0.001      -0.392      -0.101
LeftThigh.velx         0.0113      0.016      0.719      0.472      -0.019       0.042
LeftThigh.vely         0.0139      0.028      0.502      0.616      -0.040       0.068
LeftThigh.velz         0.0183      0.016      1.143      0.253      -0.013       0.050
LeftLeg.velx           0.0084      0.001     14.328      0.000       0.007       0.010
LeftLeg.vely          -0.0036      0.001     -6.366      0.000      -0.005      -0.002
LeftLeg.velz          -0.0041      0.001     -6.549      0.000      -0.005      -0.003
LeftFoot.velx          0.0050      0.001      5.991      0.000       0.003       0.007
LeftFoot.vely          0.0002      0.001      0.165      0.869      -0.002       0.002
LeftFoot.velz         -0.0014      0.001     -2.483      0.013      -0.003      -0.000
LeftToe.velx           0.0012      0.000      3.228      0.001       0.000       0.002
LeftToe.vely       -9.547e-05      0.000     -0.258      0.796      -0.001       0.001
LeftToe.velz           0.0002      0.000      0.929      0.353      -0.000       0.001
LeftHeel.velx         -0.0030      0.001     -4.296      0.000      -0.004      -0.002
LeftHeel.vely         -0.0012      0.001     -1.516      0.130      -0.003       0.000
LeftHeel.velz         -0.0004      0.000     -0.935      0.350      -0.001       0.000
RightThigh.velx       -0.0090      0.016     -0.576      0.565      -0.040       0.022
RightThigh.vely        0.0186      0.028      0.671      0.502      -0.036       0.073
RightThigh.velz        0.0043      0.016      0.267      0.790      -0.027       0.036
RightLeg.velx          0.0075      0.001     12.608      0.000       0.006       0.009
RightLeg.vely         -0.0023      0.001     -3.913      0.000      -0.003      -0.001
RightLeg.velz         -0.0049      0.001     -7.685      0.000      -0.006      -0.004
RightFoot.velx         0.0061      0.001      7.328      0.000       0.004       0.008
RightFoot.vely        -0.0008      0.001     -1.001      0.317      -0.002       0.001
RightFoot.velz        -0.0008      0.000     -1.588      0.112      -0.002       0.000
RightToe.velx          0.0001      0.000      0.407      0.684      -0.001       0.001
RightToe.vely          0.0012      0.000      3.508      0.000       0.001       0.002
RightToe.velz          0.0002      0.000      0.849      0.396      -0.000       0.001
RightHeel.velx        -0.0024      0.001     -3.276      0.001      -0.004      -0.001
RightHeel.vely        -0.0015      0.001     -2.176      0.030      -0.003      -0.000
RightHeel.velz        -0.0011      0.000     -2.816      0.005      -0.002      -0.000
SpineLow.velx         -0.1603      0.067     -2.384      0.017      -0.292      -0.028
SpineLow.vely         -0.3553      0.167     -2.134      0.033      -0.682      -0.029
SpineLow.velz          0.2816      0.054      5.261      0.000       0.177       0.387
SpineMid.velx          0.0550      0.025      2.160      0.031       0.005       0.105
SpineMid.vely          0.1911      0.079      2.423      0.015       0.037       0.346
SpineMid.velz         -0.0842      0.019     -4.530      0.000      -0.121      -0.048
Chest.velx             0.0057      0.008      0.669      0.503      -0.011       0.022
Chest.vely            -0.0184      0.035     -0.530      0.596      -0.087       0.050
Chest.velz            -0.0073      0.008     -0.902      0.367      -0.023       0.009
LeftShoulder.velx      0.0011      0.003      0.410      0.682      -0.004       0.007
LeftShoulder.vely     -0.0110      0.006     -1.793      0.073      -0.023       0.001
LeftShoulder.velz     -0.0203      0.003     -5.976      0.000      -0.027      -0.014
LeftArm.velx           0.0104      0.001      8.333      0.000       0.008       0.013
LeftArm.vely          -0.0054      0.002     -3.194      0.001      -0.009      -0.002
LeftArm.velz           0.0090      0.001      6.506      0.000       0.006       0.012
LeftForearm.velx       0.0015      0.000      4.425      0.000       0.001       0.002
LeftForearm.vely      -0.0009      0.000     -1.860      0.063      -0.002    4.83e-05
LeftForearm.velz      -0.0025      0.000     -6.916      0.000      -0.003      -0.002
LeftHand.velx          0.0035      0.001      6.204      0.000       0.002       0.005
LeftHand.vely          0.0029      0.001      3.398      0.001       0.001       0.005
LeftHand.velz          0.0028      0.001      4.952      0.000       0.002       0.004
LeftFinger.velx       -0.0016      0.000     -3.597      0.000      -0.002      -0.001
LeftFinger.vely       -0.0025      0.001     -3.777      0.000      -0.004      -0.001
LeftFinger.velz       -0.0030      0.000     -6.643      0.000      -0.004      -0.002
RightShoulder.velx     0.0184      0.003      7.079      0.000       0.013       0.024
RightShoulder.vely    -0.0142      0.006     -2.325      0.020      -0.026      -0.002
RightShoulder.velz    -0.0121      0.004     -3.278      0.001      -0.019      -0.005
RightArm.velx         -0.0031      0.001     -2.651      0.008      -0.005      -0.001
RightArm.vely         -0.0058      0.002     -3.666      0.000      -0.009      -0.003
RightArm.velz          0.0167      0.002      9.344      0.000       0.013       0.020
RightForearm.velx      0.0053      0.001     10.208      0.000       0.004       0.006
RightForearm.vely     -0.0020      0.001     -2.705      0.007      -0.003      -0.001
RightForearm.velz     -0.0019      0.001     -3.519      0.000      -0.003      -0.001
RightHand.velx        -0.0014      0.001     -1.331      0.183      -0.003       0.001
RightHand.vely         0.0032      0.001      3.409      0.001       0.001       0.005
RightHand.velz        -0.0031      0.001     -3.104      0.002      -0.005      -0.001
RightFinger.velx       0.0021      0.001      2.787      0.005       0.001       0.004
RightFinger.vely      -0.0020      0.001     -2.916      0.004      -0.003      -0.001
RightFinger.velz       0.0019      0.001      2.747      0.006       0.001       0.003
com.x                 -0.0212      0.000    -74.575      0.000      -0.022      -0.021
com.y                 -0.0077      0.000    -16.074      0.000      -0.009      -0.007
com.z                  0.0119      0.000     54.236      0.000       0.011       0.012
com.velx              -0.0556      0.004    -13.694      0.000      -0.064      -0.048
com.vely               0.0166      0.004      4.304      0.000       0.009       0.024
com.velz               0.0297      0.004      6.764      0.000       0.021       0.038
gaitPerc              -0.0019      0.003     -0.669      0.504      -0.008       0.004
foothold1.x           -0.0798      0.007    -11.537      0.000      -0.093      -0.066
foothold1.y            0.2852      0.018     15.831      0.000       0.250       0.321
foothold1.z            0.1604      0.004     36.417      0.000       0.152       0.169
foothold2.x            0.1440      0.006     24.001      0.000       0.132       0.156
foothold2.y           -0.1275      0.003    -37.660      0.000      -0.134      -0.121
foothold2.z            0.2880      0.004     65.695      0.000       0.279       0.297
foothold3.x            0.0103      0.008      1.258      0.208      -0.006       0.026
foothold3.y           -0.0666      0.004    -18.502      0.000      -0.074      -0.060
foothold3.z            0.1712      0.005     34.359      0.000       0.161       0.181
foothold4.x           -0.0027      0.011     -0.251      0.802      -0.024       0.019
foothold4.y            0.0002      0.004      0.049      0.961      -0.008       0.008
foothold4.z           -0.0123      0.006     -2.107      0.035      -0.024      -0.001
foothold5.x            0.0015      0.010      0.148      0.882      -0.018       0.021
foothold5.y           -0.0232      0.004     -6.548      0.000      -0.030      -0.016
foothold5.z            0.0846      0.004     19.105      0.000       0.076       0.093
height                -0.0069      0.001    -10.057      0.000      -0.008      -0.006
leglength              0.0135      0.001      9.483      0.000       0.011       0.016
==============================================================================
Omnibus:                    13713.291   Durbin-Watson:                   0.076
Prob(Omnibus):                  0.000   Jarque-Bera (JB):           233312.017
Skew:                           0.021   Prob(JB):                         0.00
Kurtosis:                      10.824   Cond. No.                     1.22e+16
==============================================================================

Warnings:
[1] Standard Errors assume that the covariance matrix of the errors is correctly specified.
[2] The smallest eigenvalue is 1.62e-20. This might indicate that there are
strong multicollinearity problems or that the design matrix is singular.
